0,144,165,189,190,193,218,282,297
1,27,29,164,278,287,304,314,322
2,45,112,154,203,204,205,223,250,308,310
3,115,232,316
4,88,143,245
5,139,271,300
6,41,263,296
7,104,119,136,199,210,313
8,66
9,22,51,91,208,236,248,256,311,317
10,21,135,227,309
11,39,74,105,117,128,145,247,281
12,62,92,132,156,175,286
13,16,17,36,57,96,98,110,134,147,217,237
14,31,60,80,82,85,102,116,142,170,262,270,305
15,19,37,81,159,194,201,241,244,246,255,288,290,291,323
18,35,65,107,178,188
20,79,123,124,228
23,30,32,55,84,137,211
24,48,59,131,184,280
25,70,97,114,129,146,219,225,253,318
26,63,179,207
28,44,76,95,127,196,215,224
33,53,61,64,68,69,73,87,100,151,180,200,209,268,274,284
34,50,72,118,157,162,206,254,257,279,315,320
38,42,56,298
40,46,252
43,141,152,163,192,198,276,303
47,186,251,259,301
49,101,138,161,173,174,229
52,94,106,120,158,168,169,177,181,202,221,277,292,293
54,261
58,89,171,183,238,269,275,283,294,321
67,160,185,187,230,260,307
71,226,258
75,78,103,176,212
77,83,109,121,122,133,150,234,266,267,306
86,155,235,243
90,113,125,126,140,153,231,242
93,111,149,172,197,240,272,285
99,108,195,216,249,295,299,312
130,167,213,214,220,233,239,264,289,302
148,265
166,191,273,319
182,222
